# Synthetic cat image 4
# Dimensions: 224x224
# Class: cat
# Random seed: 6238
Row  0: 234 205 208 209 214 224 244 209 245 213 204 226 226 221 234 229 226 203 213 253 
Row  1: 226 224 249 237 244 201 254 248 236 224 230 200 222 219 248 224 254 253 226 234 
Row  2: 247 247 234 251 238 214 231 214 217 227 231 201 224 221 242 243 251 225 246 210 
Row  3: 253 229 208 239 234 201 225 237 236 242 201 205 241 227 208 255 229 211 203 216 
Row  4: 224 220 213 229 220 221 248 224 217 248 253 226 216 253 205 230 201 247 234 203 
Row  5: 222 214 241 204 249 241 202 248 201 215 212 253 201 239 209 215 208 230 242 207 
Row  6: 236 213 229 244 216 249 223 210 238 238 247 245 207 249 252 210 219 206 237 201 
Row  7: 219 236 243 224 225 245 212 204 237 244 253 240 215 206 244 249 219 254 243 238 
Row  8: 251 207 250 236 250 202 222 234 227 242 223 204 232 241 221 200 254 226 252 231 
Row  9: 206 227 223 240 253 229 245 209 227 211 246 233 241 217 239 251 234 249 230 229 
# End of cat image 4
