# Synthetic cat image 3
# Dimensions: 224x224
# Class: cat
# Random seed: 6753
Row  0: 241 232 225 243 253 234 221 201 207 216 211 237 216 202 206 238 227 222 246 250 
Row  1: 220 227 238 232 207 224 236 212 216 202 245 227 200 233 251 234 243 246 247 247 
Row  2: 242 212 223 227 204 242 221 239 220 242 254 207 246 219 232 219 242 226 220 225 
Row  3: 244 218 235 208 212 226 242 224 243 247 211 239 236 219 225 235 253 200 219 218 
Row  4: 213 227 250 237 238 241 220 229 228 228 243 213 232 230 250 250 247 210 242 205 
Row  5: 218 232 242 240 239 221 205 252 248 215 243 219 214 251 212 209 201 202 215 230 
Row  6: 239 254 249 204 229 226 240 236 212 245 244 224 231 225 215 209 241 244 200 248 
Row  7: 255 249 206 249 227 214 211 251 244 233 229 203 235 215 254 207 229 208 251 229 
Row  8: 242 233 235 238 220 248 228 239 252 246 232 227 253 235 228 210 247 255 230 228 
Row  9: 216 248 215 253 240 217 249 249 233 231 240 215 217 228 204 245 218 215 217 221 
# End of cat image 3
