# Synthetic cat image 2
# Dimensions: 224x224
# Class: cat
# Random seed: 1931
Row  0: 232 205 254 211 204 238 204 243 255 215 225 207 236 215 237 238 202 239 205 226 
Row  1: 242 237 236 233 220 216 213 242 245 220 215 216 225 208 242 241 219 229 220 248 
Row  2: 204 200 229 239 236 206 204 234 213 232 216 208 222 204 215 223 218 210 228 253 
Row  3: 234 245 219 239 251 241 233 200 242 252 235 219 242 206 208 216 207 206 247 235 
Row  4: 209 217 218 238 213 245 221 213 243 240 254 216 232 231 216 254 203 205 240 227 
Row  5: 253 217 202 200 221 249 208 240 216 210 247 228 235 245 227 235 200 207 204 244 
Row  6: 209 234 202 253 223 237 235 209 227 208 202 219 223 250 255 202 222 213 243 215 
Row  7: 242 206 222 249 235 255 226 239 247 209 215 255 210 251 251 211 226 201 211 247 
Row  8: 221 250 226 251 242 255 247 251 215 217 210 250 244 206 224 255 202 254 230 214 
Row  9: 212 252 229 222 219 252 250 255 214 214 201 242 212 225 221 217 255 204 249 217 
# End of cat image 2
