# Synthetic cat image 0
# Dimensions: 224x224
# Class: cat
# Random seed: 2824
Row  0: 201 247 217 215 214 208 247 206 243 247 234 205 237 227 202 201 205 213 214 232 
Row  1: 238 201 235 212 245 241 244 234 226 214 228 237 217 251 255 200 248 251 210 244 
Row  2: 227 221 217 209 213 248 221 206 205 224 206 222 254 222 238 216 251 202 246 229 
Row  3: 234 207 224 205 235 218 253 240 239 255 223 236 212 245 204 202 242 214 249 218 
Row  4: 205 254 214 255 206 224 217 229 240 253 223 210 223 222 213 242 217 244 243 241 
Row  5: 204 238 240 210 234 246 215 210 229 224 217 240 244 235 214 243 220 253 249 249 
Row  6: 203 214 252 202 251 220 225 217 204 213 236 245 220 213 241 231 225 241 229 209 
Row  7: 216 208 215 247 235 234 216 247 237 227 237 225 223 214 208 232 231 205 248 203 
Row  8: 255 207 209 240 210 250 243 227 238 204 224 224 238 229 233 216 235 255 200 243 
Row  9: 246 207 243 234 248 217 249 241 221 207 218 227 210 229 200 246 246 216 232 248 
# End of cat image 0
