# Synthetic cat image 1
# Dimensions: 224x224
# Class: cat
# Random seed: 3927
Row  0: 232 206 255 240 219 253 240 232 238 212 209 223 248 210 234 249 233 200 238 220 
Row  1: 231 201 207 223 253 251 219 215 203 215 236 205 205 246 231 252 204 248 234 249 
Row  2: 208 208 242 230 235 210 216 233 255 238 227 213 234 248 246 244 212 245 219 225 
Row  3: 242 241 223 228 233 228 207 215 214 204 221 201 237 235 214 237 214 200 204 245 
Row  4: 240 203 214 204 202 255 221 204 232 215 217 242 231 213 234 208 246 236 236 230 
Row  5: 215 250 230 251 226 212 206 206 242 227 222 227 226 229 255 246 203 243 241 241 
Row  6: 206 203 225 246 221 251 255 206 215 212 212 234 228 208 227 211 217 229 215 255 
Row  7: 204 228 251 255 254 235 206 203 241 234 253 200 205 248 254 215 210 226 231 230 
Row  8: 213 255 225 203 210 224 200 224 216 250 250 229 218 227 244 246 250 235 242 245 
Row  9: 231 209 212 218 213 203 237 247 234 203 247 220 203 203 237 230 232 254 233 210 
# End of cat image 1
