# Synthetic bird image 1
# Dimensions: 224x224
# Class: bird
# Random seed: 1715
Row  0:  52  46  86  92  30  56  78  36  96  95 100  57  29  68  30  39 100  60  24  47 
Row  1:  86  73  56  59  98  36  99  48  64  67  53  20  25  77  17  32   6  82  61  47 
Row  2:  70  13  91  66  15  36  10  97  20  34  57  65  18  55  11  28  57  44   3  53 
Row  3:   6  50  64  47  30  49  10  47  28   3  40  12  91  83  42  18  17   4  36  60 
Row  4:  89  17  97  90  60  57  78   0  10   2  32  27  19  70  93  77  67  54  14  99 
Row  5:  36  30  38  15   6  30  53  81  79  58   8  14  63  76  68   2  80  65  73  30 
Row  6:  91  18  37  54   0  78  45  30  73  53  23  85  85  10  67  46   8  67  69  64 
Row  7: 100  64  70   2  49  60   5  81  49  47  32  95   2  45 100   8  44  30  93  84 
Row  8:  80  13  98  74  94  96  42  17   5  45  69  43  82  22  99  87  59  89  61  80 
Row  9:  23  17   8  91  99  58   4  37  25   5  25   5  40  39  65  50  69  60  32   4 
# End of bird image 1
