# Synthetic bird image 0
# Dimensions: 224x224
# Class: bird
# Random seed: 4630
Row  0:  42  99  21   9  65  81  14  67  65  24  99  44  44  93  82  18  30  13  18  32 
Row  1:  25  22  77  19  97  97  83   9  22  98  80  63  59  96  72  97  74  57  87  72 
Row  2:  82  81  79  41  80  40  19  56   8  60  56  80  38  35  75   7  45  64   9  39 
Row  3:  59  57   4   7  47  36   9  82  11  78  76  64  49  59  74  70  94   5  57  73 
Row  4:  83  24  41  77  60  64  19   7  57  13  43  91  10  64  82  22   5  31  90  56 
Row  5:  56  67  66  78  20  46  47  36  49  52  99  43  86  76   6  80  82  42   8  42 
Row  6:  12  71  86  49  36  32  92  84  77  19  42  10  74  84  18  44  39  83  89  84 
Row  7:  50  16  76  90  10  39  71  48  82  42  16  85  89  94  87  67  11  82  85  54 
Row  8:  65  46   2  46  39  23  27  43  98  62  24  28  17  19   9  37 100  12  64  98 
Row  9:  69  94  67   4  84  43  98  79  16  76  48  19  20  23  88  98  79  21  92  56 
# End of bird image 0
