# Synthetic bird image 3
# Dimensions: 224x224
# Class: bird
# Random seed: 4694
Row  0:  44  66  36  10  32  25  81  70  35  16  80  38  78  68  11  64  82  21  75  74 
Row  1:  19  21  84  79  92  77  43  72   5   3  10   5  82  98  73  33  83  26  98  73 
Row  2:  53  79  81   3  63  80  69  37  82  38  61  31  87  51  38  58   9  88   7  20 
Row  3:  56  53  61  59  26  43  77  18  40  91  40  93  44  51  16  97  47  65  71  13 
Row  4:  40  30  59  15  34  57  31  18  12   6  37  49  78  53  31  20  41  73  92  40 
Row  5:  24  97  20  63  65  59  63  39  63   2  11  50  64  58  30  27  74  45   6   6 
Row  6:  36  63  76  83  86  60  36  68   1  13  55  17  33  93  46  97  51  46   5  51 
Row  7:   6  72  71  24  46  70  36   9  49  64  57  97  70  35  79  87  78  15  16  12 
Row  8:  50  47  43  71  46  96  18  25  77  65  51  64   5   5   4  17  91  42  60  66 
Row  9:  58  19  77  65  17  41  78  40  20  50  78  94  38  75  43  64  65  68  62  90 
# End of bird image 3
