# Synthetic bird image 2
# Dimensions: 224x224
# Class: bird
# Random seed: 4131
Row  0:  36  45  99   6  83  42  34  15  47  55  51  95  56  49  43  23  63  88  63  47 
Row  1:  66  34  10  93  54  10  55  77  23  69  37  41  13  10  41  84  37  39  57  77 
Row  2:  91  54  21  88  56  44  57   5  93  45  78  55  35  81   7   9  85  81  51  46 
Row  3:  65  95  86  20   3  18  77  86 100  56   4  16   8  30  99  82  46  46  49  72 
Row  4:   4  77  19  86  57  47  47  56  97   9  73  17  67  46  50  40  83  35  31  14 
Row  5:   3  94  23  63  66  49  71  15  33  99  33  90  57  27  78  36  88  62  25  15 
Row  6:  17   9  57  22  91  56  11  87  40  85  44  90   8  70  69  37  38  20  91  90 
Row  7:  89  81  22  46  65  28  15  25  17  30  63   3  46  70  73  47  59  70  16  78 
Row  8:  11   8  39  50  91  92  61  67  52  98  52  73   9  16  40  82   9  57  59  87 
Row  9:  66  44  16  99  70  81  75  23  98  16  55  64   7  15  66  19  38  21  20  41 
# End of bird image 2
