# Synthetic bird image 4
# Dimensions: 224x224
# Class: bird
# Random seed: 5911
Row  0:  60   2  47  42  86  14  53  74  39  92  88  80   3  76  60  33  83 100  99  74 
Row  1:  73  29  92   6  74  61  21  67  80  92  79  99  48  18  87  31   4  73  89  14 
Row  2:  24   2  56  40  53  19  52  88  26  52  64  99  78  60  94  93   7  90  17  66 
Row  3:  26  71  41  84  61  67  48  40  22  58  68  43  69  45  86  98  92  87  82  88 
Row  4:  33  78  61  24  31  35  71  38  28  38  98  36  90  26  88  90  62  40  61  44 
Row  5:  71  92  35  36  15  73  86  69  48  50  44  98  18  37   5  36  91  10  44  56 
Row  6:  83  32  95  61  27  25  68  34  71  89  34  17  13  78  94  75  30  31   6  85 
Row  7:  67  28  81  29   6  12  52  42  91  60  12  87  98  17   0  70  20  52  83  60 
Row  8:  61  83  25  96  36  41  36  82   7  98  11  83  73  29  68  94  92   4  22  53 
Row  9:  22   4  50 100  63  23  95  37   4   1  38  72  77  13  42  36  58  82  69  67 
# End of bird image 4
