# Synthetic dog image 2
# Dimensions: 224x224
# Class: dog
# Random seed: 9229
Row  0: 175 142 112 156 112 167 158 101 192 118 152 183 119 109 160 200 133 143 179 188 
Row  1: 150 183 110 142 186 168 148 140 180 191 197 162 169 104 179 108 130 180 187 136 
Row  2: 129 195 111 155 112 197 181 190 112 156 121 188 138 103 105 141 107 137 145 147 
Row  3: 155 118 131 167 152 172 187 123 121 122 110 178 148 179 187 130 163 174 118 129 
Row  4: 159 181 132 158 132 185 101 159 136 186 169 120 109 156 144 175 138 181 154 188 
Row  5: 132 158 138 125 149 161 113 130 148 173 145 173 137 189 137 102 184 150 135 101 
Row  6: 172 187 199 195 106 177 195 163 136 199 129 177 145 128 181 124 179 132 186 196 
Row  7: 192 198 184 187 117 180 112 180 182 105 139 200 156 104 174 146 193 116 111 137 
Row  8: 141 195 153 122 125 116 200 169 146 167 164 134 121 132 161 137 195 143 114 159 
Row  9: 109 118 196 128 186 192 186 150 171 146 111 150 101 133 168 115 158 147 186 195 
# End of dog image 2
