# Synthetic dog image 3
# Dimensions: 224x224
# Class: dog
# Random seed: 5295
Row  0: 174 148 181 147 113 186 129 160 103 179 171 141 178 128 182 108 181 159 189 138 
Row  1: 183 152 114 117 105 104 138 163 114 112 130 168 117 149 158 147 185 195 189 169 
Row  2: 153 175 195 193 119 153 183 112 162 178 152 135 104 188 147 127 156 156 130 146 
Row  3: 112 187 147 169 182 145 107 150 135 124 115 158 111 184 127 182 181 176 102 106 
Row  4: 200 142 131 116 200 172 126 108 197 170 126 175 127 129 142 199 118 200 176 100 
Row  5: 135 118 116 169 132 122 114 184 103 116 101 145 200 130 175 141 102 122 133 106 
Row  6: 116 194 153 167 114 195 108 160 157 199 146 165 175 113 157 164 128 178 105 193 
Row  7: 200 184 166 138 158 182 103 107 161 151 154 187 113 162 191 156 109 110 141 177 
Row  8: 118 108 116 135 179 181 174 170 191 141 148 176 167 137 158 164 177 155 112 189 
Row  9: 114 183 183 198 170 192 127 155 157 129 152 143 158 151 153 193 112 140 154 140 
# End of dog image 3
