# Synthetic dog image 4
# Dimensions: 224x224
# Class: dog
# Random seed: 5176
Row  0: 147 119 187 160 108 111 110 111 155 112 195 194 147 116 171 107 175 171 171 142 
Row  1: 185 115 152 145 185 196 154 192 106 136 176 139 145 113 173 164 127 119 184 161 
Row  2: 128 113 144 171 147 114 197 135 173 128 154 171 198 179 178 186 182 171 103 177 
Row  3: 184 188 134 103 123 134 189 197 139 143 144 100 123 118 172 184 151 108 118 194 
Row  4: 181 103 111 195 167 127 148 153 158 143 120 147 139 192 141 199 172 176 110 106 
Row  5: 119 120 196 179 106 186 110 134 156 184 154 162 177 156 153 134 127 196 165 114 
Row  6: 144 155 114 136 186 186 175 162 167 185 139 105 128 150 176 107 100 126 138 127 
Row  7: 198 117 197 132 137 141 115 100 163 195 155 122 116 148 168 190 129 164 171 185 
Row  8: 145 109 150 194 105 155 102 158 109 140 173 154 173 151 190 181 153 137 114 151 
Row  9: 102 141 121 179 158 188 146 111 155 113 131 155 175 151 167 110 150 139 195 143 
# End of dog image 4
