# Synthetic dog image 0
# Dimensions: 224x224
# Class: dog
# Random seed: 8136
Row  0: 193 175 134 141 131 111 135 157 131 196 159 172 178 185 148 143 103 163 141 123 
Row  1: 162 127 145 133 143 135 176 189 135 171 101 166 124 110 130 192 152 162 171 197 
Row  2: 130 188 160 182 191 162 157 102 111 137 128 151 188 131 139 184 174 147 160 170 
Row  3: 167 144 154 195 170 142 145 189 158 134 139 132 129 115 192 124 140 115 195 168 
Row  4: 197 188 123 124 127 194 161 135 192 175 197 167 176 136 112 124 137 129 146 122 
Row  5: 138 101 190 168 116 135 105 106 170 137 189 116 181 196 162 113 101 173 136 160 
Row  6: 161 156 143 123 106 132 161 114 108 151 162 109 173 180 187 106 119 119 172 138 
Row  7: 110 131 115 171 197 153 177 176 179 128 199 166 148 157 156 138 175 154 139 172 
Row  8: 179 107 178 194 112 197 126 180 127 133 184 110 120 130 122 170 109 120 100 152 
Row  9: 157 188 176 160 137 104 129 136 190 136 189 158 109 187 129 133 200 180 175 184 
# End of dog image 0
