# Synthetic dog image 1
# Dimensions: 224x224
# Class: dog
# Random seed: 4241
Row  0: 154 114 169 128 182 119 134 118 109 107 121 139 176 195 172 136 156 115 159 188 
Row  1: 138 189 151 134 164 169 163 156 110 176 105 155 194 141 177 132 103 111 129 186 
Row  2: 173 175 102 197 186 134 173 105 197 196 122 160 166 183 156 135 123 174 155 181 
Row  3: 162 111 160 144 152 142 141 185 113 120 142 152 188 163 136 184 151 197 170 104 
Row  4: 158 111 140 132 141 114 198 151 165 100 184 169 159 152 106 124 166 146 179 196 
Row  5: 163 180 156 197 106 126 134 170 116 136 156 189 162 115 103 180 177 130 190 120 
Row  6: 139 170 101 170 152 111 128 114 159 115 182 119 163 191 137 165 190 134 153 161 
Row  7: 160 131 158 170 118 149 124 176 165 195 117 108 135 198 153 143 200 164 134 100 
Row  8: 136 192 138 175 174 184 162 119 157 168 161 144 142 170 197 169 148 158 141 124 
Row  9: 189 130 173 149 129 199 152 105 140 195 160 190 148 149 184 183 119 163 104 116 
# End of dog image 1
